$ANSIBLE_VAULT;1.1;AES256
32303863643630313731623234313261303665623464336634613861303664386662666532656361
3536323065613433343263323964663535376566366362650a363031383737366338313936376534
35613461316535666531323335333436633939366266343236316433343461383763396136323839
3861393033383034650a643734393637313465343435346339303937633564356139623965366331
64643030333733656334366137643265313730323430633132626161663438383838386162633931
30626166396135343666653733323731623530663936643037386631343136653938633932663333
31323762613766386461353363373535646163653261663831373332373563306234626337396437
30363438336263303034396465633233663661623235666636616630633537663361666530633034
61396133366335353863613361616338323836343235323131313563383761646131393731313736
62303966626139313030656232306464613536353464366135356630346535353734373564346339
39393462613664353635643536336362343866313164626662643039303432623835613034306263
62363332323139623332663462363565333063646632623837636330613635353732366338356666
31353365366331663836616561643037316230616266316561613763323966383935383137313230
36313862666432363938656535336236343438656531646133626161326263366138643235653064
63353761616366646232666262303662633836633261633431386136333632343234613736346634
30323866363537663235336666383835326566383561366463303963366531303132326265643532
33386532643534656332663838303838616130663463656163326661633961623163633635626537
31383734306165303762336261346665666631376239666666636665346133306665663839636162
62333561656338386639643933363334353630383162303931656266383964656564373237346666
62346664316465653437376137393462656635326531366438353831646233393364633066343233
31303437353137363961613666313664663837323432306435336230313637613135643930343564
36316538663864373130653665393236373230336434636331633964666237363536623761633261
64323061613034306262663131353732356533356666313534633363353535383432336165646433
34353761303339613263323663373038613833623866623539386339643538326464366333383131
64396434333761343637353338356163643465306633393538383136623961396232313034393864
62303162396663663635633939333736656335613662373636303631313566333261326138303665
38306164316338383133323131313563626135613066383734373039366130646462393461633264
65616238656464633034353633366136303261376632333733303465346664663033643062636233
37633736356331316337353730623930326333343566666261306263303139373934326539386233
38396431353037373136666138306131613664393234383865363937396332313363653239336235
38646436326132303530303430353938393065373561663037666436326430646636663332626366
62353132356438313162383461343932626438303035353835316630323563346433363931613663
33353465363361636664323736663331633931313061376561353133356237643061623439323132
62336632343137383739343963646265386232623664623432373334646361663962353363323830
39343937646230333537653064353032343662353335346439366138633930316531353030373937
39393836646562313136613666633262643439616530633135383964313065663365396665663538
37656562643038623434303432313663386434663165623963326439386434663339363634653731
35366265313165313430383264333466366465633964376265663232636234333937366338333935
62333735636231353737633132616262386437653837626363653765383266363063643832633037
36623839393766626661616330373237313238653536333937343734616237656363313037653261
66646564653063336236616332313130613135356162306530626562303039373264633566376534
34663036376533333130353233313830366636383936393166626631303133313263643431633266
64366239353731313930623332323661616134616365396532363961646364313737376536393564
33613133313135333364383163623233306235643838646465383333306332613165386630363265
32623138366439323762623339613935323066613961666130303565316466666433666337376462
38313935343833346333393234363964313232356530376662316662363036393935663832366463
31663165613262643836623533613833643862663264373566383233666166336336663036313133
38346231363437353832343565316439393638373866313339623061666230616233613566396366
36623861373232333334626535343236366236643639613634343637356538633834366565393030
38616163653363333563616434326263343733353033663363626234616532626231313363333431
30376430393631393830336433303237353235333064653062363736363562373863613934316635
66326337663433666363386132613437303933613338343066643537643434656537373966313930
63383236396362306138356363353861343363623536623566306538323236323635313633313833
64346232363632373532356431333236306463396636353662613961316434363332626239346638
63356338633933343932356539646430356264613661363236646437373737633734653664653231
31663834386131633333343262333763613934666632333136373332306662623961383066373663
35343965373530363134323636383834633862616366343036336537653639303539373362323833
66333261306237643939636339383836656134313534613035313833613566333433646366613839
65356434383434633236663662613636333936353732336365303963373039343231373531663562
30336333306535666561656230646464646466613733666364313466353039626661313563613062
38663637633863316566383265613437356362623463616365366266313235316164636662383336
31643234393736303062363431346630613763623162393136666234663034643335346664633331
39393833663937323062656134633462396662363334626161363931376531396162633733366539
32633633373335626364326232333561313664663534363237636565356236366433366434343261
39633036396433306333396662653435303130383738383964336230343538613663366663316635
36343531366533376636306432343962626561353934376237316162653938393165616637386639
36333639303265393133396361646364356434656434633732333138623739623735636135656438
63376463616338336130343363643835336239393036373361613266383132636331653633323163
33303435336166366431353432373164663461313765366361613935643138383836396661346265
65306164373139346363356639356236643539666266306463646131356161343538656561616564
65346238626237373134623063346133643738353163653737623539613235303332626463636635
36646136373431376363373839346431356431356335303035653830366462653762656234653237
64356662643032333564376230643465343962303363313535373831363463633133373132633763
35346238663539323735343261653233373766323831343162643838363936613130663938366336
34383036623939623863316330363330343731356233313465653232306331653935653939663763
39646366313237373535643335646466363730663938303839326437363938623838396162656366
39616663313766323331636339333237623738393861646337393562323032386464383539336235
38633335393664646535383963643935663962363032356334633134623262356237306135663766
61303637323736626163653330393337333832303734383432386232393536393033323734346337
66366461613563393635306232356333393639386662396435366666653963343566376165643233
35313637623962626161346239396464393239303761323431653534643130376334653334306336
33396235663663323266363165656436386263636363386532343164333337373136313863396534
33356563653564366564353636643935386265373234623462326534636562633332376165653661
34633639353237366331363933643563616263393066636538613538633963356437326531376261
35343832393239306665623434366139343633643832373864356237333764663739313861643162
62646332366261653733646335363163346534653562373731376663643961633730326336326466
32333530663431373235656464386165323031333262353137663832653636326137653339316564
34326432623634393361613433323435653838333033323465316537646330323137373565303235
33326161306336376262353030646634363065386462333230363239646465623430356335323466
66303264316130656434386134636537643536383034643936643361666265623832666135386564
34346462396465653930353039303863613636323338356666633766663037336161626439363832
36383534343339663839313138323364643462626634316561633265306532316337353833613639
33653062326539393365663264376231383061363734393639376135663637383238636363376636
65353765303536653934633861383635356431356134653165326336303235633730636662666662
65363339306563346136636232346635316436646533343633353535313637643130633235333233
34366136373135666338393334343837383636613134636266383466386234626164653139356363
61323732653936373261656235323736626262663362326633383032333135646461373161323331
65613835303662383533393136303339646238333362393031356638663637653661656661366330
34633931633364373834313232303765393464626366396132653131383763323962306535313766
37373534333464656530376639393332363637346230383662623061346133376533393730326433
38326435666239333138383837313162316136306135383465323936303634663162656134643566
63313964323339643666326362616132313233343166363039373539316338313430303432383762
34343336313034363137636166343564646135613965363032613132363535363561386232376361
62616234633236656161363336666538636465633333306666323833623532316361366565313939
31643935353163353962653135393331663661636131393761613036353832613436356663396362
66653636616130613766633364346533323339663364373336636466356566643266303135633865
39646564323637306464653736326266313530383633616430323730366236633136653461363837
32313632326434343531376339626335343663646164333534373134363738343262663037633131
33626564653162376661376436373935303639313837666132643338346638643130346134626365
63636164393638643634623062653930383163303830316431356332326432623965653730633336
64313262646638393466383964383165383539653233663430633234373735346163343038633961
32643266353938666238376432373032396562383338306133666263393166626230383731633938
39306261636333633763306531343463326239313937363636643635313633393938346236386634
64353465376463353964356337376462316137616231353166373563303638313766663336396231
61633831336639646138326131383263633637643032633537313934343630393064613761633434
36363663326564646332636539383863626431393062356638333666393430343938333739303732
33346366613462323834366132653764626538616561313566646535646239663533396562336639
61353165333230316338356464666438383739666666346365643061623337656634313762666663
37636265666632646563383635303430343261306137373438633266343632373734666232373535
35383533643339343261356634653336393463343234623866616138663637366463383265636163
62303639636465393361636538353732333861353332363364343161383130333832613439626232
65306233376364393139663935326132376263613836623838356466323563383263643665333639
63643433373631333139666239366539633765396531373737623635346662663436363835653635
65613838333037316130393166326136363933323237353632393038373264336366373433303165
39323164643636323365373835353539366364646162373231623365663634376136306332343538
32373636353661356266373436393861666436616331663932613962633538303735313737616166
32643432386439646530303338363062336337633434353838613636316264306539373262323932
64386636353230633239356363393761366666363062383030336364313261383962396636653164
64306237303937303032666265333663313666326130366265376665343732623031666537353066
39663836643566666363383035326561383733626538363338633738303461653434363235386561
31316565326235326431366436316433373632663438326233356432666362383734613865393034
61366663613331376434613939346534623634616138626435333939323434373730653432653264
31316633323561363263643765363234356437383136353931663535353031623663616563353862
38663963363635626233363432316530303636353863323132636565663563396139353461646432
31613562633161653439663264363366626137303437636135313562613739343565306465646461
66323333326261306362383932643138373930623162316331333030626634343134653561366639
38373639316564323333666333343337633137333063633731643939323366386532316636346661
63323838613262373937373030333266636263626635376464633835393331613139313661656261
65363066373131666137643934613064386462356631356430336436343430633634616330616564
30333738626136643763666639323537653831396464656531303565316330646666333936343663
37636238323862633936383831666532336337373032623662373733663339626363616531313135
32373035373062663736383139303164333932353464303233363630363832646139373634346130
63356634366139653539326538326464313132303133646238616331626265623033353537353461
39326637396663303162643061383164663930383465343839643161306464326431353034366337
33363537616463346538396466656336623931643461623963653562376130336638363131373536
39376539363934653362663966636333653530636530666632326232363733633862653739616662
38623034653264386239643531353761316465613266616532303666316565383064633038623230
36623337646435316664656337653465623462383964633439663335656435656263316665326430
65343636383736623639643531353335613137303633663662623839633363313766373066393032
64633932326238353666393030623531313036663665313865323131623531623931313863333261
63346666313737383763353238636139366236386362653733616136373030636364363565666230
39626635363039373830616239316435366166336338326431656636636664356532386435656339
62633433653561636531656334303763663239396265623430396436666461326138613431666166
37336464663837663964306335396133623637326363613336376530323333323138636665396533
61386634386566386139333038316533383133636239386431643765343966613733343539613838
38363231396262616135343332646337383239313234386661336639303865356431633765346464
36396662656233306139666337356463353563363435316562643534343464353839623534386637
37313733613162333437353939633535623264356161343338663735383864656565646563383134
35306263366465393130663836323533323036383237623239663466356165663961366166646339
61623538306538353135393439323037656563396435663261386135313066623365626137623336
64383264636538613461356533343831333061316637643863363365363061366165393431366264
65383136316433366365653165383663303330376539636663396161346637663434626366383163
65373566346261666536363166396565343230666534356437383836363836356233383838343863
33386431633563346566633531386136353736396432363934666235633432326133363537333164
64656630613162613936633334336635643061383866313538363430343364363236356238663437
35653734366634353432636339313337316465623636633135396365613931356333323266373162
36393963666461373135353639633633646434306161613264646634393538653564653266613935
66633430333362323965353431386564326231353137366634623936343638366434653330326135
31373964633438366462656235663964303238353636666531623562646637626131626438643966
66343132393036633437363139363735333062323738636334333337613630643238313933353130
64306664626261383237356366373037373333383764623437623230353137323630343462313263
62616136323337376363303063323063323739636564363438333934666538373963323732633039
34356237636463366630356231333866383734383230396439386664353335353431
